-6972364212180647417
Test
[-90, 101, -92, 89, 32, 66, 47, -99, 65, 126, 72, 103, -17, -36, 79, -72, -96, 74, 31, 63, -1, 31, -96, 126, -103, -114, -122, -9, -9, -94, 122, -29]
ADMIN
-6631073743376266871
Alan
[-90, 101, -92, 89, 32, 66, 47, -99, 65, 126, 72, 103, -17, -36, 79, -72, -96, 74, 31, 63, -1, 31, -96, 126, -103, -114, -122, -9, -9, -94, 122, -29]
ADMIN
8529485325383579283
1
[107, -122, -78, 115, -1, 52, -4, -31, -99, 107, -128, 78, -1, 90, 63, 87, 71, -83, -92, -22, -94, 47, 29, 73, -64, 30, 82, -35, -73, -121, 91, 75]
USER
